397
410
434
435
436
438
442
409
410
416
442
415
1157
415
419
1157
354
351
354
351
348
349
680
347
349
675
676
679
680
682
622
360
675
679
680
376
493
675
676
678
679
376
377
378
379
380
492
471
376
380
381
492
493
678
378
379
380
384
469
471
393
397
469
470
471
437
384
443
394
396
397
470
436
437
442
410
442
443
446
395
396
397
442
400
401
407
409
410
401
408
409
415
447
401
408
415
354
356
352
348
350
350
352
354
356
347
348
349
682
345
347
349
357
360
663
675
359
360
675
679
680
376
378
359
360
369
370
376
469
471
378
379
382
383
471
383
384
393
469
470
393
394
396
470
395
396
446
396
399
400
401
401
400
401
332
333
356
332
333
334
336
350
355
356
333
334
336
338
339
338
339
348
350
353
358
360
344
345
346
345
359
362
368
370
371
370
371
387
371
378
379
382
378
379
386
383
386
393
386
393
395
396
3427
3430
3427
396
399
401
404
3425
395
396
399
3427
404
405
406
399
401
403
404
405
330
330
331
332
333
336
331
332
333
334
336
338
341
343
344
345
346
357
358
345
346
290
284
358
359
361
362
368
290
346
277
362
368
371
278
358
362
368
371
278
387
371
386
387
388
386
387
388
3425
3427
388
3430
3427
404
3423
3424
3425
404
405
406
3423
3424
406
404
405
406
330
330
331
340
336
340
342
330
331
334
336
342
287
346
290
340
341
287
290
292
361
362
277
278
284
291
362
275
277
278
288
289
290
362
272
275
278
272
275
3467
388
389
3467
388
389
3435
3467
388
3427
3432
3434
3435
3425
3427
3432
3420
3423
3424
3425
406
3420
3423
3424
405
406
406
331
331
342
340
342
3033
340
341
342
3033
3034
3035
3036
341
3034
3035
3036
3037
3038
3039
3039
290
287
288
3038
271
272
273
291
293
272
273
275
271
272
273
3467
389
392
3467
3468
3433
3434
3435
389
3433
3434
3435
3436
3467
3468
3420
3432
3433
3414
3420
3412
3419
3419
3423
3029
3033
3034
3029
3030
3033
3036
289
291
289
3038
3039
291
259
220
259
271
272
273
274
219
220
3467
267
271
272
219
3466
267
219
3466
3467
3468
3467
3468
3433
3434
3436
3439
3444
3433
3436
3438
3439
3438
3420
3421
3433
3413
3414
3421
3412
3413
3415
3412
3415
3024
3025
3029
3021
3022
3024
3029
3021
3024
3025
3040
3075
3031
3032
3034
3036
220
223
3075
3036
3038
3073
3075
259
220
221
223
218
219
220
221
259
264
225
218
219
264
267
3438
3443
219
225
230
267
3468
230
3468
3443
3444
3414
3438
3442
3443
3411
3413
3414
3417
3411
3412
3413
3415
3416
3417
3411
3412
3415
3416
3418
3415
3418
3025
3021
3024
3025
3024
3025
3026
3027
3022
3023
3051
3023
3031
3032
3073
3032
3040
3041
3042
3043
3072
3072
3075
223
3072
3075
221
223
218
221
222
232
225
227
228
226
232
218
219
3442
3443
3445
227
228
230
3443
3444
3445
3442
3443
3445
3417
3408
3409
3411
3416
3417
3408
3416
3417
3418
3408
3418
3026
3028
3026
3027
3055
3021
3023
3025
3026
3028
3023
3051
3055
3060
3031
3052
3053
3060
3068
3023
3032
3052
3053
3068
3069
3070
3072
223
3070
3072
3070
3072
3076
3043
221
222
223
236
238
237
238
221
222
224
224
226
229
232
226
227
228
229
227
228
229
231
3445
3445
3445
3409
3408
3409
3408
3409
3417
3408
3027
3028
3026
3027
3028
3028
3055
3057
3053
3054
3052
3053
3055
3060
3077
3052
3053
3054
3068
3076
3070
3076
3043
3077
3070
3071
3076
3077
3621
237
3621
237
238
3691
226
227
229
231
226
229
232
233
237
239
3691
231
3409
3409
3410
3409
3410
3088
3052
3053
3054
3055
3087
3088
3052
3053
3054
3082
3087
3088
3077
3054
3077
3080
3082
3077
3079
3081
3106
3621
238
3106
3621
237
238
239
3691
3697
237
239
3691
3692
3694
3697
3692
3694
3696
3088
3087
3088
3089
3082
3087
3088
3089
3078
3079
3080
3081
3082
3083
3087
3089
3078
3079
3079
3081
3106
3119
3621
3105
3106
3119
3119
3697
3699
3694
3697
3699
3694
3695
3696
3698
3700
3695
3696
3698
3089
3087
3089
3079
3117
3118
3106
3115
3116
3117
3118
3119
3106
3115
3116
3119
3700
3113
3115
3116
3119
3699
3698
3698
3700
3110
3111
3117
3118
3117
3118
3110
3111
3116
3110
3113
3115
3116
3699
3632
3698
3700
3113
3700
3632
3111
3110
3111
3110
3111
3112
3113
3632
3644
3632
3644
3644
3111
3644
3644
3644
3644
60
60
92
93
93
96
96
96
83
85
82
83
85
82
85
57
59
60
57
58
59
60
91
92
91
92
93
58
59
93
94
96
96
96
1002
1002
83
83
84
85
58
59
50
57
59
78
82
83
65
68
70
93
94
96
1013
58
59
65
66
67
91
1001
1002
1008
1013
1001
1002
1008
96
1011
1013
1002
83
84
78
83
84
50
49
73
78
83
58
59
66
72
74
65
66
67
1007
1013
1011
1012
1013
65
67
68
1012
1013
994
1001
1002
1007
1008
1014
994
1001
1014
994
126
126
74
76
77
78
73
74
76
77
78
73
103
66
67
68
987
1012
66
67
72
73
103
974
987
1011
1012
986
987
1007
1009
1012
986
1007
1014
985
994
1014
1015
1018
986
993
994
1018
1021
126
122
126
77
122
126
76
77
617
73
76
77
616
617
73
103
990
617
103
987
988
990
973
974
987
990
1012
1012
973
983
984
986
987
1015
1018
977
983
985
986
1015
1018
1019
986
1018
1019
1021
432
1021
432
125
122
123
125
126
122
77
118
119
123
77
118
119
613
617
77
616
617
990
988
990
685
686
687
990
686
973
975
983
988
1020
976
977
978
985
1018
440
976
978
1018
1019
1020
440
1019
1020
1021
432
433
1021
432
433
433
125
121
125
136
118
119
120
121
122
124
125
136
118
119
614
615
617
618
119
613
617
618
614
615
616
617
684
685
687
697
684
685
686
687
975
977
979
980
983
684
686
687
975
980
983
976
977
978
979
439
440
441
439
440
441
1020
976
978
979
432
433
434
439
440
418
427
432
433
417
418
433
418
1157
1157
121
136
136
120
121
119
121
136
618
619
620
621
622
618
622
614
615
619
684
982
683
687
614
979
980
981
982
980
982
684
686
687
689
438
439
441
979
981
438
439
441
410
434
438
439
409
410
417
418
427
433
434
409
411
415
417
418
415
418
1157
1157
136
351
136
351
136
622
619
622
670
671
619
622
676
670
671
676
677
683
670
677
678
684
689
380
381
678
684
689
982
980
982
380
381
980
982
438
441
397
397
435
438
434
438
397
410
408
409
410
411
409
411
415
408
411
413
415
351
352
666
349
351
664
665
666
622
349
662
664
671
622
349
675
676
662
668
670
671
622
675
678
376
381
670
673
675
677
376
380
381
678
377
380
381
385
378
380
382
384
384
385
397
394
397
394
395
397
398
407
410
407
410
411
401
408
413
408
411
413
413
351
352
666
348
349
351
352
664
666
347
348
349
661
662
663
664
675
360
347
662
663
669
670
673
360
663
669
670
377
380
382
370
376
377
381
673
384
385
360
370
376
673
675
380
382
384
385
394
394
398
398
407
400
401
403
407
408
413
401
403
413
336
339
664
338
339
348
660
657
339
344
348
655
662
358
360
361
344
345
657
669
357
358
360
361
663
370
359
360
361
362
366
382
385
386
387
385
386
387
384
3430
362
366
370
371
377
387
366
371
377
378
382
3430
385
393
394
395
3429
3430
395
398
399
402
3427
3429
399
402
403
3427
402
403
404
405
403
404
405
336
336
337
339
340
657
338
339
340
654
657
339
341
343
344
345
654
357
358
361
290
345
657
358
361
362
290
361
362
363
366
371
362
363
366
371
386
387
388
389
386
387
388
3430
388
3429
3430
402
404
3424
3425
3426
3427
3428
3429
403
404
405
3423
3424
3426
404
405
406
405
406
336
340
342
340
341
654
657
341
657
658
290
292
657
658
290
292
361
362
363
362
363
292
293
362
363
272
389
389
390
392
272
388
389
391
3435
388
3432
3435
3436
3427
3428
3432
3425
3426
3427
3428
3429
3431
3423
3424
3426
405
406
405
406
3420
3423
3424
3426
406
342
340
341
342
3034
3035
3037
341
658
3035
3037
3039
292
293
290
292
658
3039
291
293
294
294
265
266
272
390
392
3468
392
265
266
271
272
389
390
392
3435
3436
3468
3432
3435
3426
3431
3421
3422
3423
3426
3419
3422
3423
3419
3033
3035
3035
3039
291
293
294
259
3039
291
293
294
258
259
259
265
266
271
392
265
267
271
392
267
268
270
3468
392
270
3436
3444
3468
3436
3437
3438
3444
3421
3422
3431
3436
3437
3438
3413
3414
3421
3422
3413
3415
3419
3422
3415
3415
3416
3025
3024
3025
3022
3024
3025
3029
3022
3029
3030
3030
3032
3034
3035
3075
3032
3034
3035
3037
3073
3074
3037
3039
3073
3075
258
259
260
221
223
223
259
260
3073
3075
221
258
259
263
264
264
267
267
268
270
270
3444
3437
3438
3443
3445
3413
3417
3437
3438
3443
3444
3445
3413
3415
3416
3417
3415
3416
3418
3415
3418
3025
3026
3024
3025
3026
3067
3023
3024
3025
3029
3065
3023
3030
3064
3065
3023
3030
3031
3032
3060
3064
3068
3068
3073
3074
3031
3032
3072
3073
221
222
223
258
260
261
223
260
261
262
3072
3073
3075
263
222
232
233
235
258
261
264
267
225
226
232
235
267
225
226
227
234
235
227
3443
3444
3445
3443
3445
3445
3417
3416
3417
3418
3416
3417
3418
3026
3027
3028
3025
3026
3028
3065
3066
3067
3023
3025
3028
3023
3060
3065
3066
3032
3060
3061
3068
3068
3069
3072
222
261
233
235
236
237
261
223
3069
3070
3071
3072
222
223
261
236
238
233
3445
227
3445
226
227
233
3445
3417
3028
3026
3028
3028
3065
3066
3053
3054
3060
3061
3066
3054
3061
3062
3070
3077
3054
3062
3063
3068
3070
3070
3071
3077
3107
239
3107
236
237
238
3107
226
227
233
233
236
237
239
3088
3054
3086
3087
3088
3063
3082
3054
3063
3082
3083
3086
3087
3088
3071
3078
3079
3082
3071
3077
3078
3079
3101
3106
3107
237
238
3105
3107
237
239
3107
237
239
3088
3087
3087
3088
3079
3083
3089
3078
3079
3083
3084
3101
3079
3101
3103
3104
3105
3106
3105
3697
3699
3700
3105
3107
3697
3699
3700
3083
3084
3089
3087
3089
3089
3118
3103
3104
3106
3110
3079
3084
3104
3118
3115
3105
3106
3108
3105
3108
3113
3115
3699
3113
3699
3700
3700
3104
3118
3104
3109
3110
3118
3112
3113
3113
3700
3700
3109
3110
3111
3109
3111
3112
3113
92
92
93
94
91
92
93
96
94
96
83
82
83
59
80
82
59
90
91
91
92
93
96
1002
94
96
1002
83
84
79
82
83
84
79
80
82
83
90
80
82
86
59
86
90
91
96
1001
1002
1003
1004
1006
1013
90
91
93
94
95
1006
94
96
1004
1006
1013
1000
1001
1002
1003
1000
1001
1002
79
84
78
79
84
66
67
74
75
78
80
67
90
103
1006
1004
1005
1006
1012
1013
66
67
86
88
90
97
103
1013
1001
1004
1005
1007
1000
993
994
1000
1001
994
74
75
77
78
79
74
75
77
97
67
73
74
75
97
101
102
103
67
73
67
101
103
987
988
993
999
1004
985
986
987
999
1001
1004
1005
1012
987
992
993
994
994
122
77
113
114
122
102
113
115
75
77
617
77
101
102
115
101
102
103
990
617
101
103
988
989
990
984
987
988
985
987
985
991
120
117
120
122
77
113
114
116
117
118
77
112
113
115
116
118
119
617
101
102
115
990
617
102
112
115
617
988
989
990
983
984
988
989
977
978
983
984
977
978
984
985
991
978
117
120
121
120
121
116
117
119
115
693
614
617
618
620
115
116
119
618
115
687
693
617
989
687
688
690
693
687
688
983
989
977
978
980
983
977
978
980
439
441
441
978
418
418
120
121
120
121
625
119
120
121
620
621
620
688
687
688
690
693
693
695
614
619
620
623
980
982
982
687
688
689
441
439
441
418
411
418
418
626
630
620
622
625
626
671
622
623
626
670
671
619
623
670
671
688
690
692
693
381
982
688
689
691
381
689
691
397
411
408
411
412
411
412
413
666
665
666
626
664
665
626
625
662
664
665
668
671
622
623
624
627
668
669
670
671
623
669
670
671
672
381
670
672
673
691
385
380
381
381
673
385
397
394
397
394
397
407
411
412
414
412
412
413
413
666
664
665
666
661
664
665
666
669
672
673
674
367
381
673
367
672
673
674
377
380
381
385
382
384
385
385
394
394
398
402
398
402
407
412
414
402
403
407
412
413
414
403
413
413
666
660
663
339
655
660
664
665
666
674
655
656
657
662
663
361
364
662
663
669
674
361
362
364
365
367
673
674
365
366
367
382
385
387
366
385
387
3430
385
3430
398
402
3428
3429
3430
402
403
3428
402
403
403
405
652
654
657
648
652
660
648
654
655
364
361
655
656
657
658
659
361
363
364
363
365
366
366
387
388
389
387
388
3430
3428
3429
3430
3430
3428
402
3426
3428
402
403
405
3426
405
652
651
652
648
649
651
653
654
657
658
659
657
658
659
292
657
361
363
292
292
362
363
364
390
392
363
389
390
391
391
3429
3435
3436
3428
388
390
391
3426
3428
3435
405
3426
3426
3428
405
659
3035
3037
658
659
3037
292
658
659
3037
3039
292
293
294
293
294
390
391
392
270
294
265
266
392
265
266
391
3436
3437
390
391
270
3436
3421
3426
3431
3435
3436
3437
3422
3421
3422
3426
3035
3037
3037
294
257
259
265
266
268
269
3436
268
269
270
293
294
257
258
259
257
258
263
265
266
269
3431
3437
3422
3067
3067
3035
3074
3035
3037
262
3037
3073
3074
3075
257
257
259
260
262
258
263
269
250
263
267
268
269
235
243
243
267
268
269
270
3437
3067
3065
3067
3064
3065
3067
3064
3068
260
262
3072
3068
3073
3074
262
3072
3073
3074
260
261
262
256
258
261
263
234
235
267
234
235
242
243
227
234
235
241
242
243
267
3028
3066
3064
3065
3065
3066
3067
3061
3062
3063
3064
3062
3063
3068
3069
3074
262
3069
3071
3072
3074
261
262
3069
3071
3072
261
262
236
261
234
235
236
240
248
227
234
240
241
3066
3065
3066
3061
3064
3065
3066
3061
3062
3063
3064
3062
3063
3070
3090
3095
3063
3069
3070
3071
3090
3094
3095
3071
3094
3107
236
3107
236
240
3107
233
236
240
233
240
241
3086
3087
3095
3082
3083
3084
3086
3090
3063
3083
3084
3086
3087
3071
3079
3090
3091
3091
3092
3094
3101
3105
3105
3107
3107
3086
3087
3083
3084
3085
3086
3087
3084
3085
3079
3084
3085
3090
3092
3101
3102
3105
3107
3105
3107
3087
3083
3085
3086
3087
3089
3083
3084
3085
3084
3085
3092
3101
3104
3101
3103
3104
3113
3113
3114
3105
3108
3102
3103
3105
3108
3114
3104
3108
3109
3103
3109
3112
3114
3113
3114
3112
3113
3114
3109
3109
3112
3113
3114
3112
3114
92
92
92
94
95
94
95
96
80
81
87
90
91
92
87
90
91
92
90
92
94
95
96
94
95
96
79
81
82
80
81
87
80
81
82
87
89
90
91
89
90
95
1006
95
1004
1006
1000
1003
1004
1006
1000
1003
1000
79
81
97
100
75
79
80
81
89
98
100
75
80
81
86
88
90
103
103
1006
1004
1005
1006
999
1003
1004
1005
997
999
1000
1003
993
994
997
1000
994
75
97
99
102
75
97
99
100
102
98
101
103
88
89
987
1004
1005
98
101
103
89
1005
991
996
998
999
1004
996
999
994
995
994
995
997
992
993
114
114
99
101
102
104
111
115
99
100
102
111
112
113
114
101
103
988
989
984
987
988
989
984
985
987
991
998
991
995
998
992
995
996
995
120
113
114
112
113
115
114
117
120
101
115
101
102
104
115
988
989
984
988
989
984
991
991
992
995
992
995
120
633
113
114
117
120
633
634
113
114
116
120
621
634
112
115
116
695
621
112
115
695
115
693
695
688
690
693
989
989
688
120
633
120
630
633
633
120
621
625
629
630
621
623
624
695
695
620
621
624
635
688
689
690
691
692
689
691
632
630
632
633
630
625
624
694
695
696
623
627
628
692
693
694
695
696
628
691
692
694
689
691
411
414
411
412
414
412
414
632
632
665
666
667
626
630
631
636
665
667
625
626
629
627
664
667
668
624
626
672
628
674
694
668
627
628
673
672
673
674
691
414
412
413
414
412
414
644
666
644
666
667
661
667
668
643
644
661
665
666
661
662
668
674
674
672
367
672
673
367
673
414
414
413
414
644
643
644
665
666
643
644
645
647
648
655
656
660
645
655
656
661
674
656
661
662
364
674
364
365
367
674
366
367
365
367
644
648
651
652
644
651
652
647
648
654
649
653
655
656
364
656
657
659
364
367
365
366
364
365
367
3428
651
652
649
651
648
651
652
653
658
659
364
658
659
363
364
363
364
391
391
651
649
659
650
659
391
391
251
251
257
269
251
257
270
268
269
270
268
269
262
257
262
251
257
250
251
263
269
249
250
251
243
268
269
268
269
243
249
3067
3064
3067
3064
3074
262
3074
260
262
262
248
249
250
252
256
242
248
249
250
242
243
241
243
247
247
3065
3067
3064
3065
3067
3063
3064
3063
3095
262
3095
262
262
252
240
241
244
248
241
244
241
244
245
247
247
3063
3096
3063
3095
3096
3094
3095
240
244
3094
240
241
244
245
240
244
3091
3094
3095
3096
3084
3095
3096
3097
3092
3093
3094
3092
3093
3084
3085
3096
3085
3091
3092
3093
3084
3085
3091
3096
3092
3093
3093
3102
3085
3085
3085
3092
3092
3093
3101
3102
3103
3114
3102
3103
3114
3103
3114
3114
3114
3114
3114
3114
95
95
95
95
81
81
81
87
88
89
95
87
88
89
90
95
1004
1006
1003
1004
1003
81
81
100
81
87
88
97
98
99
100
98
88
89
1004
1006
89
997
1003
1004
997
997
1003
99
100
99
100
89
98
99
104
98
89
996
997
998
995
996
997
998
995
996
997
114
106
114
104
99
100
105
106
111
98
101
104
110
996
998
995
996
998
995
996
995
114
106
106
107
113
114
104
106
110
111
104
110
995
998
995
633
633
634
107
112
113
114
634
635
107
112
106
107
110
111
112
695
696
110
695
696
633
634
630
633
634
629
634
635
624
628
635
695
696
624
628
694
696
691
691
692
694
632
631
633
629
634
635
636
631
632
633
624
627
628
635
627
628
694
696
628
691
691
692
694
632
667
631
636
631
632
637
646
667
625
627
629
636
628
694
646
667
627
628
627
628
694
414
637
638
644
641
644
667
636
637
638
645
646
667
641
642
643
645
646
667
674
367
674
367
638
641
642
643
644
638
644
642
645
656
642
645
646
647
656
674
367
674
367
651
643
644
647
651
647
650
656
645
649
650
656
367
367
651
647
648
651
647
649
650
651
649
650
659
659
651
650
651
659
251
251
251
250
251
252
249
250
251
252
255
243
249
255
243
249
253
249
250
251
252
253
242
243
245
247
249
253
247
243
245
247
3095
3095
252
244
252
254
242
244
245
246
248
252
245
247
245
247
3096
3097
3095
3096
3097
3094
3094
3095
3097
3098
244
244
245
246
244
245
246
3096
3097
3098
3096
3097
3098
3099
3094
3098
3099
3093
3094
3093
3096
3098
3099
3091
3092
3093
3099
3096
3098
3099
3093
3093
3093
100
100
89
997
997
100
105
99
104
99
100
104
105
998
996
997
998
996
997
106
104
105
108
105
106
109
104
108
110
998
996
998
996
106
107
108
110
105
106
107
108
109
110
108
110
634
107
634
107
109
107
109
110
110
633
634
634
634
635
696
694
696
631
632
633
637
640
631
633
634
635
636
640
634
635
636
640
628
635
696
628
694
696
637
640
632
637
640
641
646
636
637
638
640
646
628
628
638
637
638
639
640
638
641
642
646
646
645
646
638
639
642
643
638
639
642
645
646
646
646
642
643
647
642
645
647
645
650
650
255
252
253
255
252
253
255
247
253
254
255
247
252
253
252
253
254
245
246
253
254
245
246
247
3097
3098
3100
3097
3098
3100
245
246
254
245
246
3098
3100
3097
3098
3100
3098
3099
3100
3098
3099
3100
3098
3099
3099
3100
108
109
108
110
108
109
108
109
110
108
110
108
109
109
109
110
110
637
640
637
640
640
639
646
638
639
640
639
639
646
639
255
253
255
253
254
255
253
254
3100
3100
3100